0.000000
2.000000
4.000000
7.000000
11.000000
16.000000
21.000000
28.000000
35.000000
42.000000
50.000000
59.000000
69.000000
79.000000
90.000000
103.000000
116.000000
129.000000
143.000000
159.000000
175.000000
192.000000
209.000000
226.000000
244.000000
262.000000
281.000000
299.000000
320.000000
341.000000
363.000000
384.000000
407.000000
429.000000
452.000000
475.000000
498.000000
522.000000
547.000000
574.000000
600.000000
628.000000
656.000000
683.000000
712.000000
742.000000
771.000000
803.000000
833.000000
