10.000000
38.000000
80.000000
193.000000
203.000000
221.000000
449.000000
406.000000
869.000000
604.000000
879.000000
1247.000000
1194.000000
1447.000000
1359.000000
1617.000000
1755.000000
3226.000000
2227.000000
2705.000000
4108.000000
3486.000000
4185.000000
5272.000000
3813.000000
6495.000000
4737.000000
4861.000000
8758.000000
5743.000000
6197.000000
6414.000000
9243.000000
7634.000000
11392.000000
13145.000000
13321.000000
11308.000000
10165.000000
10274.000000
14662.000000
11515.000000
11540.000000
14550.000000
16487.000000
13884.000000
24862.000000
18273.000000
15736.000000
29486.000000
19408.000000
19741.000000
28685.000000
19693.000000
24286.000000
22024.000000
22442.000000
22711.000000
25442.000000
40088.000000
27759.000000
43808.000000
37992.000000
39939.000000
50147.000000
37834.000000
56627.000000
61449.000000
55573.000000
64941.000000
41896.000000
40938.000000
52012.000000
66372.000000
69353.000000
50696.000000
50773.000000
56423.000000
57401.000000
63635.000000
62859.000000
55547.000000
70966.000000
65760.000000
90783.000000
82234.000000
80157.000000
97881.000000
111378.000000
107968.000000
107497.000000
109821.000000
121083.000000
147868.000000
134674.000000
126271.000000
114803.000000
145695.000000
127776.000000
